0.00000010 0.0952 23233.97 
0.00001000 0.0899 22459.52 
0.00010000 0.0722 19764.63 
0.00020000 0.0631 18268.93 
0.00030000 0.0571 17262.45 
0.00040000 0.0526 16508.03 
0.00050000 0.0492 15880.02 
0.00060000 0.0463 15372.15 
0.00070000 0.0439 14930.39 
0.00080000 0.0418 14550.47 
0.00090000 0.0400 14208.34 
0.00100000 0.0385 13885.97 
0.00200000 0.0287 11876.44 
0.00300000 0.0236 10759.95 
0.00400000 0.0204 9991.60 
0.00500000 0.0191 9164.53 
0.00600000 0.0175 8668.49 
0.00700000 0.0159 8357.24 
0.00800000 0.0145 8128.95 
0.00900000 0.0135 7884.13 
0.01000000 0.0125 7722.13 
0.02000000 0.0078 6534.41 
0.03000000 0.0059 5889.66 
0.04000000 0.0051 5527.15 
0.05000000 0.0044 4943.39 
0.06000000 0.0037 4774.86 
0.07000000 0.0033 4540.37 
0.08000000 0.0030 4327.79 
0.09000000 0.0029 4098.83 
0.10000000 0.0027 3927.64 
